heap profile: 1: 16384 [1: 16384] @ heap/8192
1: 16384 [1: 16384] @ 0x442e35 0x547c61 0x5460e4 0x47dfe9 0x47d70b 0x47c88d 0x47e091 0x45f671

# runtime.MemStats
# Alloc = 797272
# TotalAlloc = 797272
# Sys = 7407928
# Lookups = 12
# Mallocs = 7609
# Frees = 421
# HeapAlloc = 797272
# HeapSys = 1736704
# HeapIdle = 647168
# HeapInuse = 1089536
# HeapReleased = 0
# HeapObjects = 7188
# Stack = 360448 / 360448
# MSpan = 12840 / 16384
# MCache = 1200 / 16384
# BuckHashSys = 1443186
# NextGC = 4194304
# PauseNs = [0 0 0 0 0 0 0 0 0 0 0 0 0 0 0 0 0 0 0 0 0 0 0 0 0 0 0 0 0 0 0 0 0 0 0 0 0 0 0 0 0 0 0 0 0 0 0 0 0 0 0 0 0 0 0 0 0 0 0 0 0 0 0 0 0 0 0 0 0 0 0 0 0 0 0 0 0 0 0 0 0 0 0 0 0 0 0 0 0 0 0 0 0 0 0 0 0 0 0 0 0 0 0 0 0 0 0 0 0 0 0 0 0 0 0 0 0 0 0 0 0 0 0 0 0 0 0 0 0 0 0 0 0 0 0 0 0 0 0 0 0 0 0 0 0 0 0 0 0 0 0 0 0 0 0 0 0 0 0 0 0 0 0 0 0 0 0 0 0 0 0 0 0 0 0 0 0 0 0 0 0 0 0 0 0 0 0 0 0 0 0 0 0 0 0 0 0 0 0 0 0 0 0 0 0 0 0 0 0 0 0 0 0 0 0 0 0 0 0 0 0 0 0 0 0 0 0 0 0 0 0 0 0 0 0 0 0 0 0 0 0 0 0 0 0 0 0 0 0 0 0 0 0 0 0 0]
# NumGC = 0
# EnableGC = true
# DebugGC = false
